1.786220e-02 
-3.447168e-02 
-9.048204e-02 
7.580243e-01 
2.362869e-01 
-5.076276e-02 
3.254098e-02 
-1.258529e-01 
6.064177e-04 
-5.019298e-02 
-4.883692e-01 
4.103270e-01 
-3.622253e-01 
-8.377695e-01 
1.142783e-01 
2.173429e-01 
-2.082250e-01 
6.048822e-02 
-1.233910e-01 
-3.181259e-01 
2.118622e-01 
-1.193187e-01 
1.156173e-01 
-3.795077e-01 
-7.657316e-01 
-3.650402e-01 
-9.116455e-01 
2.048980e-01 
3.556627e-02 
-1.274570e-01 
-1.525122e-01 
-9.997365e-02 
-7.786053e-02 
-7.896330e-02 
-4.157696e-01 
1.083841e-01 
-9.289810e-02 
-6.142193e-02 
5.038052e-02 
-8.911303e-02 
-7.439013e-01 
-1.940856e-01 
-2.959293e-01 
-2.758890e-01 
4.237968e-02 
3.058078e-01 
-2.870488e-01 
-1.902284e-01 
-2.244034e-01 
-4.381243e-01 
1.482100e-01 
7.844315e-02 
-6.627744e-02 
-3.291132e-01 
3.902322e-02 
-6.089956e-02 
-5.203164e-02 
-1.540573e-01 
-2.451143e-01 
-2.343905e-01 
-1.696746e-01 
5.759299e-02 
7.143706e-02 
-1.169730e-01 
-1.484667e-01 
-2.405224e-01 
-7.761024e-01 
-6.342535e-01 
-3.126603e-01 
-6.024504e-01 
-3.111748e-01 
1.703393e-01 
-1.675590e-01 
3.300964e-01 
-3.412595e-01 
2.716421e-01 
-2.839619e-01 
-2.141980e-01 
-1.858948e-01 
-9.345129e-02 
-7.087368e-02 
-2.243988e-03 
7.320333e-02 
2.661681e-02 
-3.919154e-02 
-3.554311e-01 
-3.252842e-01 
2.007267e-01 
-2.589169e-01 
1.865703e-01 
4.368268e-01 
5.510138e-01 
-4.039777e-01 
-1.196870e-01 
-2.555265e-02 
-3.699595e-01 
2.733207e-02 
-2.324025e-02 
-3.863819e-02 
9.918863e-01 
-1.197423e-01 
-2.546400e-02 
9.295207e-02 
1.683348e-02 
-5.858982e-02 
-7.046387e-04 
-4.250049e-01 
-4.613137e-01 
-2.569253e-01 
-9.027271e-01 
6.154648e-01 
-4.252886e-01 
-1.261016e-02 
7.636517e-02 
-8.220220e-03 
3.147924e-01 
-5.098690e-01 
-4.629815e-02 
-3.376328e-01 
-3.963929e-01 
7.701639e-02 
-2.316602e-01 
-2.822593e-01 
-1.680740e-01 
-2.557031e-01 
-1.034113e-01 
-1.579877e-01 
-1.995175e-01 
1.233256e-02 
1.304430e-01 
-1.152225e-01 
-3.716232e-02 
-1.349193e-01 
-1.308435e-01 
1.728101e-01 
3.189642e-01 
-7.429683e-01 
3.377759e-02 
-2.309429e-01 
-5.115166e-01 
-1.004402e-01 
-1.375859e-01 
-1.887812e-01 
1.586994e-01 
-1.028581e-01 
4.933548e-02 
5.628961e-01 
-8.347654e-02 
-4.454329e-01 
-2.993592e-01 
2.973610e-02 
-1.978424e-01 
-2.743108e-01 
-2.939396e-01 
-1.468892e-01 
3.477255e-01 
-9.079944e-02 
-1.290899e-01 
-4.317319e-02 
7.073665e-02 
-7.663056e-02 
-2.706822e-01 
-1.011956e-01 
-2.448699e-02 
-4.534031e-02 
1.538994e-01 
5.309570e-02 
-2.870462e-01 
3.935868e-02 
-6.500062e-02 
-1.191392e-01 
-2.313545e-01 
-3.162080e-01 
-2.186232e-01 
-1.936075e-01 
-6.030828e-03 
-4.428562e-01 
-2.386825e-01 
-9.897791e-01 
-7.234669e-01 
-2.264961e-01 
-6.494427e-01 
2.813783e-01 
5.539954e-02 
-3.511896e-01 
-7.615085e-01 
-1.687324e-01 
-3.681517e-02 
-3.249183e-01 
-2.506949e-01 
-7.762745e-02 
-5.316846e-01 
-3.027707e-01 
-1.207900e-01 
4.660046e-02 
1.247766e-01 
1.659444e-01 
-1.337305e-02 
9.646475e-02 
-2.955936e-01 
1.556201e-01 
9.086381e-02 
1.033732e-01 
-4.932660e-02 
-2.182148e-01 
-2.972738e-01 
-4.498513e-01 
-1.756303e-01 
-8.539916e-01 
2.432018e-01 
-4.417787e-01 
1.321724e-02 
-1.458517e-02 
-9.105777e-02 
-1.143763e-01 
-7.969260e-02 
6.984085e-03 
-2.152622e-03 
-1.197887e-01 
-4.168194e-01 
1.976538e-02 
-1.478532e-01 
-1.615106e-01 
2.148861e-01 
-4.941824e-01 
2.782809e-01 
-4.364294e-02 
1.924914e-02 
-5.497980e-02 
-3.765106e-03 
-3.210026e-02 
-2.621505e-01 
-1.857905e-01 
-4.194583e-01 
-5.823135e-02 
-1.996925e-01 
-2.999350e-01 
4.731819e-03 
9.706143e-02 
4.611161e-01 
-5.969918e-02 
-1.201700e-01 
1.356921e-01 
1.680624e-02 
-5.270332e-02 
1.594303e-01 
1.408527e-01 
-9.215057e-02 
3.772738e-01 
-2.623820e-02 
1.764727e-02 
4.848775e-01 
-1.180875e+00 
-2.406978e-01 
-1.509641e-01 
-2.930191e-01 
-5.351077e-01 
-8.393834e-01 
-1.442705e-01 
-2.729414e-02 
-5.896950e-02 
-2.273321e-02 
-4.248261e-02 
-1.102869e-01 
-3.162611e-01 
-2.577747e-01 
-5.782669e-02 
-2.944666e-01 
1.279160e-01 
-1.400623e-01 
-1.688477e-01 
-8.791699e-02 
-1.003699e-01 
5.631727e-02 
4.232555e-01 
8.333451e-02 
-1.338610e-02 
-1.038605e-01 
-3.895419e-01 
2.730376e-02 
1.028232e-02 
-8.425462e-02 
-4.005502e-01 
-3.866701e-02 
-1.863274e-02 
2.602912e-01 
1.043325e+00 
5.946156e-02 
4.592888e-02 
-3.135696e-01 
1.879138e-01 
8.931820e-01 
-4.229116e-02 
-4.539767e-02 
1.813792e-01 
9.698623e-02 
3.598547e-02 
2.113212e-01 
-2.355495e-01 
-4.451376e-01 
-4.467346e-01 
-2.448106e-02 
1.768978e-01 
-2.654870e-01 
2.852282e-02 
-6.938291e-02 
-1.121160e-01 
-4.393791e-01 
-7.994262e-01 
4.457045e-02 
-2.503647e-01 
-7.400441e-01 
-3.538018e-01 
1.671751e-01 
-1.029094e-01 
9.774435e-02 
1.859796e-01 
-1.152031e-01 
-5.248003e-01 
-6.150229e-01 
-7.480847e-01 
-4.450175e-02 
-8.299959e-02 
-6.829906e-01 
-4.185766e-01 
1.889334e-01 
1.815227e-01 
-2.536871e-01 
2.492183e-01 
-1.803042e-01 
-1.949704e-01 
-1.395231e+00 
-6.630236e-01 
-6.002270e-01 
-2.884649e-01 
-4.281172e-01 
-8.073753e-02 
-3.440070e-02 
-2.331245e-02 
-7.648858e-02 
-8.127110e-01 
-5.148943e-01 
1.371365e-01 
1.379184e-03 
-1.763841e-01 
-4.080265e-01 
-6.027041e-01 
-3.905379e-01 
1.612919e-01 
-1.968774e-01 
-1.850904e-01 
-3.194011e-01 
-2.438966e-01 
-5.927074e-01 
1.919538e-01 
2.906591e-03 
-3.967684e-02 
-1.750296e-02 
-9.358397e-02 
7.532325e-02 
1.071244e-01 
-4.149497e-02 
-5.617428e-02 
-4.017815e-01 
-1.455362e-01 
4.899547e-02 
-8.766499e-02 
-4.032221e-02 
-1.216730e-01 
-2.435101e-01 
2.259772e-01 
-6.772602e-02 
-4.108920e-01 
-7.062656e-01 
-4.701805e-01 
-3.818970e-01 
-3.272152e-02 
2.715082e-01 
-7.706589e-02 
-1.841688e-01 
-3.717726e-02 
-6.173194e-02 
-2.558222e-02 
1.417116e-01 
-1.456039e-01 
-2.372881e-01 
7.960150e-02 
4.557981e-01 
-7.189021e-01 
-2.980964e-01 
-2.759335e-01 
-4.221130e-01 
-1.879534e-01 
1.744807e-02 
-6.501341e-02 
-1.347259e-01 
-6.815329e-02 
-2.329950e-01 
-2.834755e-02 
-8.545470e-02 
-7.895793e-02 
-7.035196e-03 
1.955160e-01 
8.511677e-01 
-1.341723e-01 
6.217830e-01 
-1.660778e-01 
-7.743588e-01 
4.834520e-02 
-1.587836e-01 
9.575129e-02 
-2.796871e-01 
-1.296664e-01 
1.571020e-01 
-5.241652e-02 
2.385932e-02 
-7.017291e-02 
1.504344e-02 
7.180393e-02 
-2.009408e-01 
-8.173193e-01 
-9.399310e-03 
-3.183252e-01 
3.136373e-01 
-1.811245e-01 
3.504362e-01 
3.524629e-01 
-1.735738e-01 
-1.890171e-01 
1.079516e-01 
-2.547833e-01 
-1.720400e-01 
-1.266205e-01 
-5.496842e-01 
-2.331183e-01 
5.507010e-02 
-2.817267e-02 
1.092982e-02 
-2.846651e-01 
-2.047638e-01 
-4.810378e-02 
-2.068774e-01 
8.161098e-02 
7.627931e-02 
-4.716837e-01 
-6.914531e-02 
1.884123e-01 
-1.266009e-01 
-1.182485e-01 
7.794285e-02 
-1.240624e-01 
1.430415e-01 
-6.361942e-02 
-1.489863e-01 
-6.085929e-02 
-2.644323e-01 
-4.642738e-01 
4.026967e-02 
-2.838547e-01 
-1.094890e-01 
-1.860815e-01 
-2.179414e-02 
2.084816e-02 
-1.107399e-01 
-2.298862e-01 
-1.301936e-01 
8.578026e-02 
1.483479e-01 
-7.471556e-01 
-1.944263e+00 
1.187591e-01 
-3.814584e-01 
-1.774001e-02 
2.565747e-01 
3.456426e-01 
4.604459e-03 
-4.989481e-02 
-3.745914e-02 
1.107224e-01 
-1.137262e-01 
-1.332918e-01 
-1.525277e-01 
-3.373888e-01 
3.206829e-01 
-5.094821e-01 
-4.763086e-01 
-1.722146e-01 
-2.526498e-01 
-9.409428e-02 
-4.892694e-01 
-1.427384e-01 
-1.346182e-01 
-3.565499e-01 
-2.353221e-01 
-4.285975e-01 
-3.842516e-01 
-1.082347e-01 
-1.320488e-01 
-1.337999e-01 
-1.352656e+00 
-3.804789e-01 
-4.333602e-01 
-1.870419e-01 
-1.776871e-01 
-5.431235e-02 
-2.830117e-01 
-5.383136e-01 
-2.392303e-01 
-2.171726e-01 
-2.436423e-01 
-2.484345e-01 
-3.309074e-01 
-2.671370e-01 
-3.181235e-01 
-2.280969e-01 
-3.023570e-01 
-1.329549e-01 
-1.934183e-01 
-4.915348e-01 
-1.636134e-01 
-2.618078e-01 
-6.135037e-01 
-2.250188e-01 
-4.516566e-01 
-1.420504e-01 
-5.115708e-01 
-3.174301e-01 
-2.634860e-01 
-4.421679e-01 
-2.628876e-01 
-2.075426e-01 
-1.035858e-01 
-2.113252e-01 
-1.473922e-01 
-3.290897e-01 
-2.498612e-01 
-5.670246e-01 
-5.579929e-01 
-2.178382e-01 
-3.057996e-01 
-4.330969e-01 
-9.019762e-02 
-3.950064e-01 
-2.779538e-01 
-1.038889e-01 
-5.583672e-01 
-2.683143e-01 
-3.721224e-01 
-2.179911e-01 
-5.225472e-01 
-2.857879e-01 
-9.266852e-01 
-7.298504e-02 
-7.519761e-01 
-1.124760e-01 
2.058214e-01 
-3.490201e-01 
-2.065413e-01 
-4.346681e-01 
-9.811816e-02 
2.562493e-01 
-3.071102e-01 
1.174156e-01 
1.509863e-02 
-3.536487e-02 
-8.143771e-02 
-7.587512e-01 
-1.174468e+00 
-1.391118e-01 
7.284039e-02 
-3.543279e-01 
-3.587027e-01 
-2.465869e-01 
2.242952e-01 
-3.860203e-01 
-2.118499e-01 
-2.034840e-01 
-3.525134e-01 
-2.979204e-01 
-1.492185e-01 
-3.500855e-01 
-2.567344e-01 
-2.215340e-01 
-4.130250e-01 
-4.923179e-01 
7.469741e-02 
-1.909107e-02 
-2.849747e-01 
7.591367e-02 
-1.496740e-01 
-8.745760e-02 
-5.449367e-02 
-3.662194e-01 
-3.526396e-01 
-1.341749e-01 
-1.652797e-01 
1.114837e-01 
-2.602204e-01 
-2.571762e-03 
-1.515283e-01 
-3.697601e-01 
-3.269812e-01 
-4.208491e-01 
-6.598021e-01 
-9.772965e-02 
3.209981e-02 
-2.341878e-02 
-1.592517e-03 
-8.331791e-02 
-4.271821e-01 
-2.207119e-01 
-5.195162e-02 
-4.697711e-02 
-5.507460e-01 
-6.449729e-02 
-9.622736e-02 
2.651078e-02 
5.942611e-01 
-2.584901e-01 
8.545429e-03 
1.463610e-01 
-2.460787e-01 
-8.088427e-01 
-3.646501e-01 
4.288682e-02 
-5.032786e-01 
-1.101057e+00 
1.168489e-01 
-1.585800e-01 
-2.738745e-01 
-1.675247e-01 
4.494131e-03 
-1.298267e-01 
4.102345e-01 
3.296906e-02 
-1.135321e-01 
-3.193865e-01 
6.805292e-02 
-1.289707e-01 
-3.059787e-01 
-7.193524e-01 
-3.116362e-01 
1.801959e-01 
1.574224e-02 
9.231010e-02 
1.213481e-01 
8.006299e-02 
-3.821187e-02 
4.294467e-02 
1.164871e+00 
-1.977074e-01 
7.184234e-02 
-1.436944e+00 
9.222487e-02 
-2.398522e-02 
-5.200552e-01 
8.318409e-02 
-6.393063e-02 
-1.868363e-02 
-1.098828e-01 
4.416114e-02 
-1.625904e-01 
-4.967487e-02 
-1.383386e-01 
-3.206849e-03 
-2.742887e-03 
-3.891221e-01 
-3.019559e-01 
-1.824138e-01 
-1.480043e-02 
-2.187376e-01 
-2.318772e-01 
5.197057e-02 
-2.533106e-01 
-8.675575e-03 
6.553534e-02 
-3.808069e-02 
-1.774615e-01 
-4.634156e-01 
-3.178640e-01 
-1.001596e-01 
-5.287590e-01 
-4.956017e-01 
-3.924791e-01 
-3.203311e-02 
-7.498461e-02 
-2.747252e-01 
7.250404e-02 
-3.485807e-01 
-3.115534e-01 
-3.684389e-01 
-1.041252e+00 
-5.948972e-01 
-3.595849e-01 
-7.484205e-01 
-1.869504e-01 
-7.796441e-01 
-3.773539e-01 
-4.151390e-01 
-3.021051e-01 
-1.842547e-01 
-3.184849e-01 
-1.858703e-01 
5.536711e-01 
6.357729e-02 
-1.919982e-01 
-2.861162e-01 
-5.223329e-01 
-3.400467e-01 
-1.433726e-01 
-1.021890e+00 
-2.850660e-01 
-2.157893e-01 
-1.682656e-01 
-1.184233e-01 
-6.527672e-01 
-1.188777e-01 
4.769862e-02 
-1.360837e-01 
-2.185566e-01 
-2.857890e-01 
-2.403328e-01 
-8.460265e-02 
9.953948e-02 
-2.641745e-01 
-2.899371e-01 
-8.371335e-02 
-3.793108e-01 
-1.373694e-01 
1.207899e-01 
-1.537427e-01 
-3.452204e-01 
1.795031e-01 
-3.242825e-01 
-2.081232e-01 
6.150591e-02 
-3.793194e-01 
-6.795625e-02 
-4.089295e-01 
3.137003e-01 
2.715409e-02 
-4.241961e-01 
4.301152e-01 
-3.018246e-01 
-2.132084e-01 
-2.165823e-01 
-2.023449e-01 
1.538711e-01 
2.033402e-02 
-2.063216e-01 
-6.119722e-02 
-4.066861e-01 
-1.956304e-01 
-2.834909e-01 
-5.466434e-01 
2.448380e-02 
-1.690985e-01 
3.587282e-01 
-4.606911e-01 
-6.359878e-01 
-3.241873e-02 
-1.452914e-01 
-3.914823e-01 
3.622968e-01 
3.977212e-02 
-3.562056e-01 
-3.328740e-01 
-3.635406e-02 
-2.504499e-01 
-3.160192e-01 
-1.209769e-01 
-5.948036e-01 
-2.475472e-01 
-3.874393e-02 
-2.609655e-01 
-6.683694e-01 
-1.626529e-02 
-9.553152e-02 
-1.262422e-01 
-1.544414e-01 
5.874436e-02 
-9.148744e-02 
-2.600625e-01 
-3.050783e-01 
-6.796157e-02 
-3.470696e-01 
-1.890641e-01 
-1.186146e-01 
-1.403733e-01 
-2.151562e-01 
-4.304757e-01 
-3.214276e-01 
-4.280856e-01 
-6.085570e-01 
-3.676484e-01 
-2.473788e-01 
-3.151555e-01 
-8.141477e-01 
-3.278741e-01 
-4.040473e-01 
-1.386217e-01 
-9.107292e-03 
-1.240502e-01 
-1.020837e-01 
-2.231028e-01 
-1.022796e-01 
-2.319406e-01 
-3.935280e-01 
-3.609967e-02 
-2.462656e-01 
-1.313443e-01 
-7.739463e-01 
1.245793e-01 
-4.162502e-01 
-1.554829e-01 
-2.175849e-02 
1.413611e-01 
6.279981e-02 
1.329824e-01 
-4.274859e-01 
3.043439e-01 
-4.526019e-01 
-1.063083e-01 
8.182657e-02 
-1.407083e-01 
-3.274651e-01 
-4.408685e-01 
7.633477e-02 
-2.185979e-01 
-1.514449e-01 
-5.426484e-01 
-4.280097e-01 
-5.278894e-01 
-5.231422e-01 
-9.568805e-02 
-3.068444e-01 
-1.645225e-01 
-2.833428e-01 
-1.598929e-01 
-2.765639e-01 
-2.350124e-01 
-2.082923e-01 
-1.952380e-03 
2.616025e-01 
-2.839589e-02 
-6.960969e-02 
-4.199858e-01 
-1.567741e-01 
-2.639127e-02 
-8.454460e-01 
1.220604e-01 
-9.305856e-02 
-3.798882e-01 
-1.818033e-01 
-3.942162e-01 
-3.739346e-01 
-4.087909e-02 
-5.062528e-01 
-1.729419e-01 
-9.967308e-02 
-2.145323e-01 
-1.397133e-01 
1.303208e-01 
-9.599203e-02 
-4.579698e-01 
1.714299e-01 
-2.881314e-01 
-5.539140e-01 
-1.588813e-01 
-1.587991e-01 
-7.328367e-02 
-6.424048e-02 
-6.258535e-01 
-5.042281e-01 
1.947464e-01 
-6.900405e-01 
-4.238099e-01 
-5.150291e-01 
3.304690e-02 
-2.789460e-01 
5.972123e-02 
-1.533281e-01 
-7.482766e-01 
-3.296613e-01 
4.169306e-01 
-3.057904e-01 
2.411635e-01 
-1.704624e-02 
4.184961e-03 
6.333715e-02 
-1.874649e-01 
-1.816137e-01 
-6.275371e-01 
-6.998380e-01 
-2.107930e-01 
-2.570989e-01 
-2.551231e-01 
-1.590354e-01 
-8.627705e-01 
-5.073650e-01 
-1.147949e-01 
-1.024282e-02 
-1.030363e-01 
-4.977576e-01 
-1.143952e+00 
-8.544922e-04 
6.251079e-02 
-1.917527e-01 
6.114203e-02 
5.040610e-02 
-9.609441e-02 
-9.300624e-01 
-1.779497e-02 
1.011095e-01 
-6.197011e-02 
4.743446e-01 
-1.016483e-01 
3.634080e-01 
-3.259243e-01 
-6.226388e-01 
-6.552122e-01 
-1.276339e-01 
1.386731e-01 
-3.290204e-01 
1.757502e-01 
-9.694541e-02 
-4.411829e-01 
-1.365645e-01 
-2.956194e-02 
3.584218e-02 
-8.040524e-02 
-2.992182e-01 
-3.299628e-01 
-7.204375e-01 
-4.151995e-01 
-6.167920e-01 
-2.788326e-01 
7.956886e-02 
-2.253768e-01 
-4.076172e-01 
1.064221e-01 
-3.225634e-02 
-4.013865e-01 
-8.857545e-01 
-2.210350e-01 
5.230230e-02 
-2.057028e-01 
-1.315621e-01 
-3.377119e-01 
-1.819360e-01 
-3.578898e-01 
1.639754e-02 
-1.821813e-01 
-1.678526e-01 
2.061529e-01 
9.246051e-03 
-3.633857e-03 
-2.438523e-01 
2.236164e-02 
-3.701066e-01 
4.722296e-01 
3.077954e-02 
-4.400548e-01 
-7.329226e-01 
-1.660058e-01 
1.714182e-02 
1.350015e-02 
1.048695e+00 
-8.562672e-02 
1.785692e-01 
-5.947011e-01 
-4.748887e-02 
-7.906582e-01 
-2.623911e-01 
-7.178881e-01 
-1.894315e-01 
-1.336430e-01 
-3.849719e-01 
-9.691378e-02 
7.502450e-02 
-1.697842e-01 
-1.795164e-01 
-1.628361e-01 
3.159976e-02 
-1.941124e-02 
-3.551469e-01 
-1.730438e-01 
2.961732e-02 
-4.617584e-02 
1.624551e-01 
-2.031520e-01 
8.780622e-02 
-1.754729e-01 
-1.657925e-01 
-2.007211e-01 
1.374598e-01 
-1.513918e-01 
-1.428686e-01 
-1.353771e-01 
2.403295e-02 
-1.755736e-01 
2.163734e-01 
5.799341e-02 
-2.882147e-01 
1.137208e-01 
-3.307792e-01 
2.542104e-01 
1.192321e-01 
4.844365e-01 
1.959036e-01 
-7.232238e-02 
-2.870248e-01 
-7.068623e-01 
-8.215082e-01 
-2.727116e-01 
-1.811339e-01 
-9.717789e-02 
-2.423937e-01 
1.352428e-01 
-1.685464e-02 
2.793244e-01 
1.370216e-01 
-6.231636e-02 
9.056538e-02 
2.643210e-02 
1.050887e-01 
2.206734e-01 
-9.950795e-02 
8.815575e-02 
7.682389e-02 
-2.593226e-01 
-4.454272e-02 
-4.815006e-02 
-5.946165e-01 
-1.299087e-01 
-2.056873e-01 
-2.618608e-01 
2.823824e-02 
-3.343436e-01 
2.538680e-01 
4.928365e-01 
4.119831e-02 
-6.772144e-01 
-4.783891e-01 
-4.652765e-01 
-2.203922e+00 
-1.430597e-01 
-8.024001e-02 
-2.697161e-01 
-2.497956e-01 
-1.857787e-02 
1.744630e-02 
2.320933e-01 
4.505691e-02 
-1.291857e-01 
3.893402e-01 
3.217220e-02 
-1.678377e-01 
-1.797050e-03 
-2.451439e-01 
-7.775056e-02 
-1.570507e-01 
-1.435600e-01 
1.842713e-02 
1.042687e+00 
8.456701e-02 
2.670016e-01 
3.792325e-02 
5.729419e-02 
-9.458184e-02 
1.347029e-02 
1.719285e-01 
2.034984e-01 
2.913190e-02 
-9.136928e-02 
-8.303860e-02 
-8.575630e-01 
-2.549862e-01 
-1.106602e-02 
2.145617e-02 
-3.698215e-01 
-2.676270e-01 
-1.018704e-01 
4.577997e-02 
3.232121e-02 
-3.979072e-02 
-5.064966e-01 
-5.921850e-01 
2.680326e-02 
-4.780770e-02 
2.754009e-02 
2.257039e-01 
1.622379e-03 
-3.086727e-01 
3.066148e-01 
1.088353e-01 
1.527492e-01 
4.847129e-02 
1.675707e-01 
3.126875e-01 
-1.195134e-01 
-1.591350e-02 
-4.340317e-02 
-1.036143e-01 
-1.324867e-01 
1.774746e-02 
-5.052353e-01 
-4.837630e-01 
-2.692458e-01 
1.267534e-01 
-1.746341e-01 
-3.961582e-02 
-9.730753e-02 
-1.442066e-01 
-2.651150e-01 
9.078823e-02 
-1.154971e-01 
-4.777259e-01 
7.027608e-02 
2.205149e-01 
-2.623380e-01 
4.368353e-02 
-2.461673e-01 
1.133716e-01 
-6.944308e-02 
5.316564e-02 
-6.970247e-02 
-2.330189e-01 
5.516380e-02 
3.530186e-02 
-1.939826e-01 
6.450146e-02 
-3.306773e-01 
7.164884e-02 
-2.197907e-01 
-8.019686e-01 
-5.982876e-01 
7.018089e-02 
-1.595200e-01 
-4.430770e-02 
-5.253047e-01 
-1.776153e-01 
-4.193099e-02 
-2.697845e-01 
-3.328466e-02 
-2.231908e-02 
-9.987950e-03 
-2.236856e-01 
-1.034808e-02 
-1.745844e-01 
-1.147490e-01 
1.606886e-01 
-7.857004e-02 
2.024485e-01 
-4.419448e-01 
-4.452519e-01 
-4.607130e-01 
-7.640826e-01 
-1.348846e+00 
-3.553181e-01 
2.078713e-01 
-1.488893e-01 
-3.824967e-01 
-3.485652e-01 
-9.036750e-03 
-4.937198e-01 
-5.951672e-01 
1.411836e-01 
5.737168e-02 
-1.726152e-01 
-2.639968e-01 
4.451936e-02 
7.663351e-02 
4.672507e-02 
8.892512e-02 
1.260308e-01 
3.938133e-01 
-4.771233e-02 
-2.400352e-01 
-2.825613e-01 
-1.128545e-01 
3.649390e-02 
-2.983180e-01 
-6.656170e-03 
-6.813641e-01 
-2.104462e-01 
-5.123788e-02 
9.973022e-02 
1.118339e-01 
4.178259e-01 
-2.287654e-01 
-2.151596e-01 
-2.325052e-02 
-6.154170e-01 
3.940545e-01 
2.173258e-01 
-6.403357e-02 
-2.325094e-01 
-7.628179e-02 
-1.835075e-01 
3.343920e-01 
1.099572e-01 
-1.992153e-01 
-6.981802e-02 
-3.117880e-01 
-3.236030e-01 
-1.919808e-01 
-9.739555e-02 
1.464399e-01 
4.067476e-01 
-6.483410e-02 
-2.207733e-01 
-8.120787e-02 
1.270624e-01 
-3.017187e-03 
-4.322640e-01 
-5.813164e-02 
3.450850e-01 
4.811269e-02 
-5.264994e-01 
-9.499078e-02 
-1.515821e-01 
7.051694e-02 
2.874292e-01 
5.849805e-01 
5.723071e-01 
1.322366e-01 
-1.405231e-01 
1.603848e-01 
2.161910e-01 
-2.121957e-01 
-2.384985e-01 
-9.811288e-02 
3.359931e-01 
-8.353353e-02 
-1.498442e-01 
-6.497525e-01 
2.739966e-03 
-2.685133e-01 
-1.507612e-01 
-5.553725e-01 
2.393075e-01 
-1.177286e-02 
-3.617677e-01 
-5.417064e-01 
-4.256030e-01 
-7.097449e-01 
-2.346869e-01 
-1.706349e-01 
-1.508532e-01 
-1.595891e-01 
-2.292092e-01 
-8.943400e-01 
2.179667e-02 
-2.194710e-01 
-1.669103e-01 
-2.347734e-01 
-2.331567e-02 
-2.512278e-01 
-9.075570e-02 
-1.691170e-01 
-1.854184e-01 
5.329396e-02 
-1.339311e-01 
-2.326261e-01 
-1.071534e-02 
-9.420773e-02 
-1.537472e-01 
4.701883e-02 
-5.069897e-01 
-2.986844e-01 
-8.156711e-02 
-1.598156e-01 
-1.245382e-02 
-7.017598e-01 
2.587095e-01 
-1.109361e-01 
-2.987927e-01 
-1.568085e-01 
6.603372e-02 
-3.452785e-01 
5.262694e-02 
4.751101e-02 
1.629591e-03 
-5.780485e-02 
-9.326982e-02 
3.539634e-02 
2.569818e-01 
2.259478e-01 
8.688200e-02 
1.141518e-01 
-1.186463e-01 
-1.250130e-01 
9.478360e-02 
3.515820e-01 
8.157721e-02 
-8.201963e-02 
-1.384259e-01 
-8.100197e-01 
-1.490529e-01 
-2.700293e-02 
-4.155162e-01 
-2.487040e-01 
9.067476e-02 
-3.579334e-01 
2.781873e-01 
-1.324098e+00 
-3.672401e-02 
2.506974e-01 
3.820473e-01 
-1.864045e-01 
-2.024122e-01 
-2.901101e-01 
4.904819e-02 
-4.168120e-01 
3.551469e-02 
-4.289743e-01 
-2.073052e-01 
5.138820e-02 
1.664990e-01 
-4.212358e-01 
-8.012730e-02 
2.488461e-02 
-1.703754e-01 
-2.362478e-01 
6.408513e-03 
1.263999e-01 
-2.661326e-01 
-3.331606e-01 
-1.612117e-01 
3.605368e-01 
-3.769600e-01 
-1.309144e-01 
-2.734993e-01 
7.802999e-02 
-2.614767e-01 
9.809586e-02 
-2.876329e-01 
3.699678e-02 
-1.786174e-01 
-1.069096e-02 
1.309104e-01 
-3.034919e-01 
1.796578e-01 
4.294691e-01 
1.450649e-01 
4.020575e-01 
-4.750882e-01 
-2.789322e-01 
-4.128537e-01 
8.810037e-02 
1.268160e-02 
-2.198190e-01 
-2.423822e-01 
-3.907232e-01 
-7.328791e-01 
-4.041702e-02 
2.951699e-02 
2.963987e-02 
-1.219035e-01 
-9.523302e-02 
-4.783042e-02 
1.762483e-01 
-1.550918e-01 
-7.739259e-02 
-1.544693e-02 
1.482618e-01 
-1.641423e-03 
-3.983262e-01 
-1.654187e-01 
-1.151056e-01 
3.387129e-02 
-9.746927e-02 
-2.820237e-01 
-1.012280e-01 
1.451330e-01 
-4.087006e-01 
1.859778e-02 
-1.253852e-01 
-1.759425e+00 
3.217149e-02 
-2.564709e-01 
-6.182563e-01 
-3.538084e-01 
1.104294e-01 
-1.869931e-01 
4.696435e-02 
-3.518603e-01 
-6.223682e-01 
-2.623598e-02 
-7.446319e-02 
4.042596e-02 
2.423329e-01 
-1.545869e-01 
-5.636464e-01 
2.244182e-01 
5.364680e-02 
-7.150931e-01 
-3.501471e-01 
-2.960876e-01 
-2.679958e-01 
5.916589e-02 
-9.357074e-02 
-1.422943e-01 
1.516284e-01 
-2.514246e-01 
-5.525574e-02 
1.419806e-02 
-5.017646e-01 
-2.386717e-01 
3.984042e-01 
-2.571587e-01 
-6.913924e-02 
-1.293600e-01 
1.157130e-01 
-5.068963e-01 
-1.367439e-01 
-4.643056e-01 
-2.809666e-01 
-1.257631e-01 
-3.694677e-01 
-3.109935e-01 
2.912435e-02 
-1.115096e-01 
9.678072e-02 
2.112769e-02 
1.555002e-01 
-2.656673e-01 
-1.908669e-02 
-2.022864e-01 
1.142771e-01 
-2.245860e-01 
2.687137e-01 
-6.948757e-02 
2.378625e-01 
2.114530e-01 
1.350958e-01 
8.541796e-02 
-4.788039e-01 
-2.253167e-01 
-4.782475e-01 
-6.762969e-01 
2.461780e-01 
-8.389543e-02 
3.048342e-02 
-3.297161e-01 
-5.402521e-01 
-3.790264e-01 
-1.165404e-01 
1.944596e-01 
7.872832e-02 
-3.882401e-01 
-1.443328e-01 
-3.531187e-01 
-3.597074e-01 
-9.497492e-02 
1.217292e-01 
1.500234e-03 
1.004714e-02 
-3.727180e-01 
-7.708141e-02 
1.781280e-01 
-3.441577e-01 
-6.986061e-02 
1.756448e-01 
5.623250e-01 
-8.319589e-02 
-5.193350e-01 
-4.474772e-01 
6.319970e-02 
-2.156200e-01 
-1.285596e-01 
2.998261e-01 
7.852179e-02 
-2.093452e-01 
-2.510992e-01 
-2.108842e-01 
-2.833849e-01 
7.509017e-02 
-2.340633e-01 
3.750979e-01 
-2.625215e-01 
-2.247850e-02 
-3.356051e-01 
-9.391832e-02 
8.052802e-02 
-4.483795e-02 
8.271104e-02 
-1.113263e+00 
-9.882634e-02 
-3.934079e-01 
-1.341571e-01 
3.859419e-02 
-2.253177e-01 
-2.820018e-01 
-3.546345e-01 
5.208092e-03 
-2.838105e-01 
8.762649e-01 
-3.295968e-01 
-7.969034e-02 
2.587100e-01 
3.545007e-02 
2.808062e-01 
4.987144e-02 
2.847691e-01 
4.596323e-03 
1.524842e+00 
-1.387267e-02 
-7.325828e-03 
-1.800369e-01 
-5.911999e-01 
-6.929809e-02 
-1.303833e-01 
7.007003e-03 
-3.058352e-01 
-1.520826e-01 
2.103455e-01 
6.272948e-02 
-2.713355e-02 
6.645733e-02 
6.544423e-02 
-1.178976e-01 
1.811329e-01 
1.223165e-02 
7.393467e-02 
-3.015360e-01 
2.182882e-02 
-1.040678e+00 
1.739606e-02 
-1.124280e-01 
1.096554e-01 
-4.373332e-02 
6.304401e-02 
1.139867e-01 
1.095129e-01 
8.578085e-02 
1.999629e-01 
-7.945638e-01 
-4.312180e-01 
8.603832e-02 
-1.593759e-01 
-1.350649e-01 
-2.798256e-01 
-3.367410e-01 
-2.572055e-01 
-4.191340e-01 
-1.038343e-01 
3.579264e-01 
3.936136e-02 
2.901562e-01 
-1.690838e-01 
-2.244246e-02 
8.255133e-02 
-4.345719e-01 
1.111077e-01 
1.349025e-01 
-1.017154e-01 
-6.418324e-02 
-3.829356e-01 
3.774977e-02 
2.231314e-01 
-4.114367e-01 
-1.430337e-01 
-1.505683e-01 
-1.244449e-01 
3.188844e-01 
9.355891e-02 
-1.787426e-01 
-6.963119e-02 
3.080173e-02 
-6.606305e-01 
-5.446792e-03 
-3.960604e-02 
2.387915e-01 
7.923484e-02 
-1.089912e-01 
1.925651e-01 
3.388766e-02 
1.370887e-01 
-2.099504e-01 
1.083791e-03 
-2.388623e-01 
-2.576831e-01 
-3.958207e-01 
-2.009729e-01 
-3.093030e-01 
-3.488588e-01 
9.839699e-03 
-9.431902e-02 
-6.934330e-02 
-3.500846e-01 
3.575896e-01 
-3.620651e-01 
-1.892608e-02 
2.211347e-01 
-7.077525e-01 
1.146407e-01 
-4.267704e-02 
-6.749238e-01 
-6.024987e-02 
1.011071e-01 
8.026814e-02 
-4.720971e-02 
-2.850136e-01 
-9.508920e-02 
3.614848e-01 
-2.615190e-02 
-1.047547e-01 
-1.089882e-01 
-1.707619e-01 
-1.130752e-01 
8.677840e-02 
-6.004098e-02 
-1.637163e-01 
-3.003238e-01 
-1.713520e-01 
-2.215746e-01 
-9.519001e-01 
-1.492785e-01 
7.020718e-02 
-3.483624e-01 
2.149625e-01 
-7.819855e-02 
1.133502e-01 
-4.179907e-01 
-2.507254e-01 
-6.107926e-01 
-3.279517e-01 
-9.729147e-02 
7.595708e-02 
-6.194496e-02 
2.532753e-01 
2.099791e-02 
3.496537e-02 
-2.817914e-01 
-4.771753e-01 
7.166082e-02 
2.169583e-01 
5.561788e-01 
1.590144e-01 
-7.031555e-02 
-2.776593e-02 
-6.754147e-02 
2.954882e-02 
-2.307142e-01 
-1.197332e-01 
-1.034015e-01 
8.035174e-02 
-4.107890e-01 
-9.771383e-02 
-2.575547e-01 
-1.324390e-01 
6.285232e-02 
-1.173919e-01 
-2.308919e-01 
-3.633735e-02 
-3.871450e-01 
9.490936e-02 
1.899750e-01 
-2.563240e-01 
-4.413773e-01 
-1.529660e-01 
-2.935618e-01 
8.656330e-02 
1.638107e-01 
3.138345e-02 
-8.682883e-02 
-1.196478e-01 
3.099716e-02 
-3.288829e-02 
8.997730e-01 
-4.637510e-02 
5.010581e-02 
1.319551e-01 
-1.609606e-02 
1.265821e-01 
-1.189017e-01 
-1.671530e-01 
-8.866268e-01 
7.423761e-02 
-2.648855e-01 
-2.073760e-01 
-1.056989e-01 
-4.797816e-03 
-1.472133e-01 
-2.043119e-01 
-1.368434e-01 
-1.793687e-01 
-1.369320e-01 
-6.325126e-03 
1.188401e-01 
-4.135312e-01 
-4.288923e-01 
-8.417630e-02 
-1.632791e-01 
-3.399865e-02 
-5.552035e-01 
-3.318360e-01 
-1.457220e-02 
-4.679397e-01 
-3.377670e-01 
-2.841403e-01 
-5.117303e-02 
-2.098424e-01 
-2.492449e-01 
-4.159415e-01 
-2.304606e-01 
-1.237736e-01 
-2.424002e-01 
-7.097009e-02 
6.826670e-01 
3.029270e-01 
-1.309533e-01 
2.122978e-01 
2.810997e-01 
-3.843409e-02 
-6.841733e-02 
1.076995e-01 
1.018470e-01 
-2.066717e-01 
3.358601e-02 
-4.320992e-01 
8.156368e-02 
8.982825e-02 
-2.674397e-01 
3.001275e-01 
-2.885852e-02 
-4.094014e-01 
-5.274318e-02 
-1.505918e-01 
-1.389632e-01 
-1.740394e-01 
-6.337538e-01 
-1.017433e+00 
1.816160e-01 
9.244958e-02 
-6.789744e-02 
5.804724e-02 
-4.743029e-01 
-2.736199e-01 
8.375398e-02 
-1.474105e-01 
-1.548692e-01 
-6.000950e-02 
1.787764e-02 
-4.639617e-01 
-4.738710e-01 
-9.573023e-02 
-1.933557e-01 
-2.998988e-02 
-2.118215e+00 
-2.124262e-01 
-1.144500e-01 
-2.303640e-01 
-1.000470e+00 
1.161813e-01 
-1.646307e-01 
1.953058e-01 
-3.353248e-01 
-2.311539e-01 
4.406750e-03 
-1.456605e-01 
-2.354637e-01 
-1.372396e-01 
2.868366e-01 
6.784603e-02 
2.931952e-03 
-4.163325e-01 
-4.592705e-02 
1.894037e-01 
-1.493115e-01 
-4.905071e-01 
-1.403885e-01 
-6.183565e-02 
1.517671e-02 
-2.381377e-01 
2.186621e-01 
-3.608859e-02 
3.229403e-01 
4.704724e-02 
1.415235e-01 
2.678145e-02 
-3.214777e-04 
-1.770024e-01 
-1.642072e-02 
-1.761461e-01 
5.789670e-02 
-1.305193e-01 
1.043092e-01 
-3.618040e-01 
2.667865e-01 
3.422642e-02 
6.776893e-02 
-1.887391e-01 
-2.485457e-02 
2.976412e-01 
-6.784920e-01 
1.574875e-01 
-5.209073e-01 
4.019301e-01 
1.038868e-01 
-1.288722e-01 
-6.137110e-01 
-2.959186e-01 
4.404084e-04 
8.546154e-02 
2.826351e-01 
1.567054e-01 
2.538670e-01 
-1.560552e-01 
-7.863015e-03 
-2.264464e-01 
-3.964804e-01 
-2.029240e-01 
-1.453093e-01 
2.787685e-02 
-7.087135e-02 
-1.523259e-01 
-5.143087e-01 
-7.269503e-02 
2.220533e-01 
-1.285236e-01 
7.535046e-02 
-1.988282e-02 
-8.094859e-02 
1.238564e-01 
3.534800e-01 
3.055186e-01 
3.160518e-01 
-2.835742e-01 
1.140376e-01 
-3.756707e-01 
-8.291392e-02 
-1.860551e-01 
-2.598789e-01 
-2.058155e-01 
-4.059923e-02 
-2.554736e-01 
-2.776259e-01 
1.104828e-01 
-3.770416e-01 
-6.669831e-02 
7.538855e-02 
-1.771708e-01 
-2.852792e-01 
3.139775e-01 
5.392703e-01 
3.835875e-01 
-7.194343e-01 
-1.208767e-01 
-2.142647e-01 
1.725568e-01 
-1.377853e-01 
1.263732e-01 
2.986908e-03 
-1.414126e-01 
2.387158e-01 
-1.665151e-01 
4.943715e-01 
-2.468233e-01 
-9.181446e-02 
2.580255e-01 
-1.138713e-01 
1.380761e-01 
-1.638582e-01 
-2.218685e-01 
-7.703991e-02 
-1.352262e+00 
-5.603028e-01 
-1.694323e-01 
-1.729660e-01 
-8.502954e-02 
-1.504800e-02 
1.402085e+00 
3.781438e-02 
-2.245052e-01 
-1.417135e-01 
1.798235e-01 
9.005618e-02 
-5.402516e-01 
2.351259e-02 
-2.264664e-03 
-2.202446e-01 
-2.290517e-01 
1.601179e-01 
2.169829e-01 
-3.024757e-02 
-5.041121e-01 
-6.844754e-02 
-2.426434e-02 
3.228467e-01 
1.652608e-01 
-1.898760e-01 
-9.212653e-02 
1.260698e-03 
-1.695900e-01 
-4.195940e-02 
-5.089404e-01 
-9.175007e-02 
1.120112e-01 
-1.416253e-01 
2.275389e-01 
-3.377928e-02 
2.529012e-02 
-4.250216e-02 
-3.946477e-02 
1.839072e-01 
-8.952913e-01 
-6.804773e-02 
-2.750616e-01 
3.390890e-01 
8.173093e-01 
-1.328745e-01 
1.861919e-01 
1.007118e-01 
1.354802e-02 
1.791239e-02 
-2.806582e-01 
-3.075080e-01 
-2.678026e-01 
-4.198843e-02 
2.147629e-01 
1.495813e-01 
4.598001e-01 
6.646646e-02 
-3.859933e-01 
-1.036683e-01 
-3.685054e-01 
4.085499e-02 
1.071121e-01 
-1.075627e-02 
-3.299945e-01 
-1.768976e-01 
-6.797518e-01 
-2.229439e-01 
-3.298339e-02 
-4.099945e-01 
-5.307574e-01 
2.974209e-02 
-1.433254e-01 
-8.714452e-02 
-2.075127e-02 
-1.013711e-01 
-2.567323e-01 
-3.166926e-01 
7.647228e-02 
1.219804e-01 
3.303771e-01 
-2.534558e-01 
7.697454e-02 
-3.502013e-02 
-1.034327e-01 
2.009727e-01 
-1.286264e-01 
-3.251167e-02 
-3.024737e-01 
-3.038501e-02 
-1.159897e-01 
-2.151561e-02 
-2.337718e-02 
-1.397665e-01 
-9.230736e-02 
-4.636617e-01 
8.449301e-02 
-6.684459e-01 
-2.550018e-01 
-2.239937e-01 
-4.273800e-01 
1.343701e-01 
-5.787446e-01 
-8.547722e-01 
-4.217285e-01 
2.718011e-01 
2.219811e-01 
1.474859e-01 
-1.434734e-01 
6.425606e-02 
-1.317658e-01 
1.410715e-01 
5.278310e-01 
-5.649927e-01 
-9.590467e-01 
-3.788655e-01 
5.116343e-03 
1.160404e-01 
-2.290940e-02 
4.765666e-02 
1.006202e-01 
-5.614687e-01 
-2.801350e-01 
1.117880e-01 
-1.069452e-01 
-6.218356e-01 
-4.443097e-02 
-1.351564e-01 
-2.900163e-01 
-5.987799e-02 
1.126592e-01 
-1.551902e-01 
-5.526059e-01 
-7.424068e-02 
-4.670784e-01 
-6.715798e-02 
8.336633e-03 
-1.831395e-01 
5.795097e-02 
1.035575e-01 
1.557085e-02 
-7.674682e-02 
-2.314349e-01 
2.555326e-01 
-5.732259e-02 
-1.598610e-01 
-3.251638e-01 
-3.896019e-02 
-4.991850e-02 
-3.815928e-01 
-1.695315e-01 
-8.372378e-02 
6.727457e-03 
-3.674482e-01 
2.776508e-01 
-8.361220e-02 
5.224752e-02 
1.910210e-01 
-1.348576e-01 
-4.380796e-01 
-2.658388e-01 
-2.572286e-01 
-1.106965e+00 
-1.644849e-01 
-4.696559e-01 
-1.024624e-01 
7.178871e-02 
6.316717e-02 
-5.114011e-01 
1.187211e-01 
-2.715870e-01 
-3.533629e-02 
-3.923494e-01 
2.730581e-01 
-2.960014e-02 
-1.666818e-01 
-2.403194e-01 
-9.299362e-02 
-5.274696e-01 
-4.918952e-01 
2.327076e-02 
1.689479e-01 
7.695109e-02 
-1.763985e-01 
-3.905940e-01 
-1.947965e-01 
-1.499324e-01 
2.424103e-01 
1.746309e-01 
-2.472762e-01 
7.245922e-02 
6.691790e-02 
-1.602874e-01 
2.907524e-01 
-1.114862e-01 
1.513442e-01 
2.910368e-01 
5.220533e-01 
-2.097161e-01 
-6.329140e-01 
-3.087190e-01 
-4.118429e-01 
2.230530e-01 
-8.951375e-02 
-8.309123e-02 
-1.790608e-01 
-5.421599e-01 
-3.630503e-01 
-4.680156e-01 
3.467500e-01 
-1.080507e-02 
-1.804913e-01 
-4.878099e-01 
-1.198829e-01 
-4.689389e-01 
1.783609e-03 
1.202430e-01 
-1.088888e-01 
-6.830758e-02 
1.621174e-01 
4.337096e-01 
-2.614610e-01 
-1.346984e-01 
-1.967695e-01 
1.309534e-01 
3.895673e-01 
6.702639e-03 
1.653194e-01 
-7.288131e-01 
-7.656321e-02 
-2.894306e-02 
-2.738243e-01 
-1.651534e-01 
-1.278335e-01 
2.686444e-02 
-2.859611e-01 
-2.588981e-01 
-1.836226e-01 
9.019858e-02 
2.849978e-01 
1.786718e-01 
-1.500444e-01 
-7.061636e-02 
2.904643e-01 
-4.229433e-01 
-7.449984e-01 
2.751976e-03 
-1.480765e-01 
-9.143215e-03 
-3.557816e-02 
-2.505423e-01 
-5.812650e-01 
-6.847399e-01 
-1.896253e-01 
5.659378e-02 
-1.524052e-01 
-2.204539e-01 
1.974129e-01 
-1.182546e-01 
-4.341727e-02 
8.791199e-02 
1.960755e-01 
1.864805e-01 
2.741442e-01 
-2.524223e-01 
-5.539956e-02 
-1.430938e-01 
-2.300346e-02 
-2.186329e-01 
2.477093e-01 
6.504119e-01 
-1.470474e-01 
1.851510e-01 
-6.573781e-02 
2.902742e-01 
-2.222382e-01 
2.053201e-03 
-1.245204e-02 
-6.025279e-02 
-2.809008e-01 
-1.554046e-01 
-3.749333e-01 
-1.925653e-01 
3.980097e-02 
6.941557e-03 
-4.038901e-01 
-2.528500e-01 
-4.819471e-02 
1.205391e-01 
-1.949456e-01 
-2.836449e-01 
-1.462528e-02 
4.513966e-01 
-2.142669e-01 
1.586127e-01 
5.269387e-02 
-2.503462e-01 
-7.329907e-01 
-4.072102e-01 
1.330628e+00 
-1.613626e-01 
-2.897343e-02 
-8.286647e-02 
6.366076e-01 
3.045889e-01 
1.520829e-01 
-3.272994e-01 
-2.765105e-01 
-9.794797e-02 
3.056849e-01 
1.427383e-01 
-1.986374e-02 
-1.022034e-01 
-1.081505e-02 
3.503087e-02 
1.191089e-02 
-2.575474e-01 
-3.926146e-01 
2.112558e-02 
1.641772e-01 
2.312422e-01 
-3.742521e-01 
4.885793e-04 
-2.411334e-01 
3.621159e-01 
-2.816769e-01 
-9.024015e-01 
-3.586757e-01 
2.461464e-01 
-4.667706e-01 
-1.230540e-01 
-4.739892e-02 
-6.565720e-03 
-2.622134e-01 
-2.422587e-01 
-8.590055e-02 
3.412141e-01 
-2.066680e-01 
-3.616253e-02 
-6.660686e-02 
-9.559926e-02 
-2.842244e-01 
2.945197e-01 
2.881557e-01 
5.630648e-02 
-3.033966e-02 
-2.029519e-01 
-3.300691e-02 
-1.547287e-01 
7.386675e-02 
-1.322747e-01 
-6.412536e-02 
1.051086e-02 
-1.757836e-01 
1.943749e-02 
4.640005e-01 
-9.674871e-02 
-3.588949e-01 
4.336927e-01 
8.214211e-02 
-1.608031e-01 
3.100370e-01 
-1.378102e-01 
1.938432e-02 
-8.256344e-02 
-3.051590e-02 
-4.099894e-01 
4.399264e-01 
-1.289438e-01 
-7.039252e-01 
-5.185949e-01 
-3.316935e-01 
1.469323e-02 
-1.255293e-01 
-1.559509e-01 
-1.145092e-01 
-7.624023e-03 
-6.543702e-02 
-2.720237e-01 
-2.970878e-01 
3.873742e-02 
-1.509747e-01 
-1.525728e-01 
4.955029e-01 
-1.483370e-01 
9.538460e-02 
-1.674828e-02 
-3.617639e-01 
-3.228880e-01 
-8.708030e-02 
-1.691509e-01 
-1.958449e-02 
1.691877e-01 
-4.248053e-02 
3.576484e-01 
-6.603183e-01 
8.052208e-02 
-1.193584e-01 
1.253979e-01 
-5.129609e-01 
1.450745e-01 
1.511384e-01 
3.919402e-01 
2.922229e-01 
-6.428651e-01 
9.462631e-02 
-1.817868e-01 
7.843103e-02 
1.999541e-01 
2.014800e-01 
-2.938035e-01 
-3.460133e-01 
-1.416054e-01 
-2.676121e-01 
-1.358670e-01 
-9.986350e-02 
2.555323e-02 
-5.385135e-01 
-1.355605e-01 
2.029153e-01 
-5.937611e-01 
-5.162327e-01 
-7.405221e-03 
-3.010092e-01 
6.461781e-03 
1.787535e-01 
-2.175287e-01 
6.774462e-02 
-2.454278e-01 
-1.108429e-01 
1.846532e-01 
-2.067023e-01 
2.422035e-03 
-3.144525e-01 
1.081390e-01 
-3.471892e-01 
1.191040e-01 
-9.462085e-02 
-8.073336e-01 
-3.868992e-01 
-2.597173e-01 
-1.659739e-01 
4.135744e-02 
-3.140749e-01 
6.902047e-02 
1.590729e-01 
-2.545031e-01 
-9.339553e-01 
1.750793e-01 
-2.396535e-01 
-2.926763e-01 
-1.039224e-01 
-1.544076e-02 
-3.757825e-01 
-5.875552e-01 
-3.253698e-02 
-2.066813e-01 
-2.020945e-01 
5.067319e-01 
-3.736684e-01 
2.293141e-01 
-3.401113e-01 
-8.608688e-01 
7.447928e-03 
-2.485870e-01 
2.956630e-02 
-2.855894e-01 
3.749702e-01 
2.285285e-01 
3.154911e-01 
-9.708315e-03 
-2.777479e-01 
-1.155053e-01 
-2.828260e-01 
-1.189130e-01 
-2.653677e-01 
-3.291267e-02 
2.342017e-02 
-8.698778e-02 
1.014312e-01 
-1.843247e-01 
-4.339521e-01 
-5.763848e-01 
2.874894e-01 
-2.922744e-02 
1.793714e-01 
1.791883e-02 
-9.498299e-01 
-6.006507e-01 
3.809471e-01 
-1.075403e-01 
-5.686001e-01 
-8.573699e-02 
-1.922458e-01 
2.587599e-01 
-3.540555e-01 
1.397650e-01 
-2.148629e-01 
-8.052579e-02 
-2.143245e-01 
-1.801653e-01 
-8.718675e-02 
-3.082139e-01 
-3.383008e-01 
1.238790e-01 
4.609635e-02 
-3.241982e-02 
-1.914375e-01 
4.417053e-01 
-5.702637e-01 
1.894999e-01 
2.101660e-02 
-1.295619e-01 
3.621098e-01 
-3.159947e-01 
-5.633236e-01 
-3.104693e-02 
-2.908070e-01 
-3.032185e-01 
1.592498e-01 
-3.472145e-01 
5.504329e-01 
-3.097935e-01 
-9.193365e-02 
-2.208271e-02 
1.841975e-01 
1.509318e-02 
5.312502e-03 
5.219054e-02 
-2.317487e-01 
1.524985e-01 
4.925685e-02 
-1.513887e-01 
-2.253252e-01 
-3.395527e-01 
8.038530e-02 
-2.446344e-01 
2.198385e-01 
9.192204e-02 
-1.692358e-01 
-2.159961e-01 
-4.008314e-01 
-6.336296e-02 
-2.682209e-02 
-1.044864e-01 
-4.516732e-01 
3.240190e-02 
-1.973128e-01 
1.915884e-02 
1.005508e-02 
-3.638535e-01 
-1.208789e-01 
4.061767e-02 
1.461425e-02 
-8.562997e-02 
-1.312567e-01 
1.451425e+00 
1.755871e-01 
8.285972e-02 
-1.966122e-01 
-1.964917e-01 
-1.393014e-01 
-1.093136e-01 
1.510487e-01 
-2.257202e-01 
1.870693e-01 
-1.366284e-02 
-2.916946e-01 
-1.006861e+00 
3.769360e-02 
-2.721667e-03 
-1.368167e-01 
-2.356656e-01 
5.555121e-01 
-3.038049e-02 
-9.085786e-02 
-2.912731e-01 
-4.617451e-01 
-2.634740e-02 
-1.771123e-01 
-3.611466e-01 
-7.335347e-02 
1.148134e-01 
-7.061789e-01 
-1.568806e-02 
2.097732e-02 
4.690701e-02 
-3.902103e-01 
-5.322170e-02 
-2.265442e-01 
-2.017785e-01 
-2.520642e-02 
-3.425873e-01 
-9.253263e-02 
-2.181817e-01 
-2.606770e-01 
-6.694193e-01 
-5.745265e-01 
-7.604983e-02 
-3.146672e-01 
-3.713500e-02 
-3.023504e-01 
-5.816466e-01 
-3.843675e-01 
-4.222579e-01 
9.486675e-04 
-1.356782e+00 
3.846827e-01 
-4.918319e-02 
-1.380447e-02 
3.324945e-02 
-8.650993e-02 
-2.430484e-01 
-2.915326e-01 
1.877738e-01 
-2.214289e-01 
2.585945e-01 
4.141406e-01 
1.542241e-01 
-3.000452e-01 
-3.975892e-02 
4.483259e-02 
-7.708656e-01 
2.191362e-01 
-2.793486e-01 
5.550429e-03 
-5.844411e-02 
8.696557e-01 
-1.743259e-01 
-9.232068e-02 
-9.349314e-01 
-3.151037e-01 
-3.327831e-01 
-1.503282e-01 
3.212303e-02 
-2.741340e-01 
-4.601918e-01 
-1.845747e-01 
-1.493681e-01 
6.804550e-02 
-3.926736e-02 
-8.475304e-02 
1.951252e-01 
1.366370e-01 
-1.053215e-01 
-2.539288e-01 
-6.809315e-02 
-1.187308e-02 
-3.294267e-01 
2.021970e-01 
-5.496897e-01 
-3.987369e-01 
1.434033e-01 
-3.897407e-01 
-3.240545e-01 
-3.105772e-01 
5.514330e-01 
-3.748858e-01 
1.840728e-01 
3.713396e-01 
-2.866627e-02 
-1.390837e-01 
-3.207545e-01 
5.094013e-01 
-2.210289e-01 
-3.026989e-01 
-8.037742e-01 
-1.393338e-02 
-1.053851e-01 
-3.581796e-01 
-5.161956e-01 
8.513117e-02 
-2.095960e+00 
-4.669114e-01 
-4.703568e-01 
-3.163314e-01 
-1.438323e-01 
5.106038e-02 
-8.385780e-01 
-3.045305e-01 
-1.647623e-01 
-5.340570e-02 
-5.980265e-02 
7.654821e-01 
-9.512940e-02 
-2.356380e-01 
3.571391e-02 
1.168159e-01 
-3.714378e-01 
-1.950868e-01 
-7.169404e-02 
-4.762886e-01 
-9.138718e-02 
-8.561795e-01 
-1.673515e-01 
-2.088875e-02 
-3.926660e-01 
-2.222449e-03 
-6.292713e-02 
-1.461022e-01 
-5.319282e-02 
4.618150e-01 
-2.068670e-01 
-1.019357e-01 
-2.925749e-01 
-1.628599e-01 
1.351535e-02 
-5.687574e-01 
-2.523066e-01 
-1.391325e-01 
-9.405911e-03 
-7.088935e-02 
6.377320e-01 
6.737291e-01 
4.232542e-02 
-6.155835e-02 
-3.500423e-01 
-4.525967e-01 
7.540190e-02 
-2.670097e-01 
6.192428e-02 
1.938569e-01 
-5.385646e-02 
5.502666e-01 
1.026273e-01 
-8.091691e-02 
-1.211230e-01 
-7.070027e-03 
5.272317e-02 
1.746620e-01 
-6.611561e-01 
1.459175e-02 
-1.787090e-01 
1.385715e-01 
1.400819e-02 
-2.516702e-01 
9.575826e-02 
1.170177e-01 
-2.682450e-02 
1.560823e-01 
-1.251188e-01 
2.018441e-01 
-9.057993e-01 
1.464984e-02 
2.186565e-01 
1.386457e-02 
-1.194950e-01 
-8.915669e-02 
-2.320333e-01 
2.270252e-02 
2.146518e-02 
-3.195408e-01 
2.465718e-01 
-1.006981e-01 
-4.121840e-01 
-2.029611e-01 
-3.044031e-01 
2.641965e-02 
-4.278509e-01 
-2.236408e-01 
1.186740e-01 
-2.912067e-01 
-4.933356e-01 
-2.444703e-01 
-1.670205e-01 
6.593055e-01 
3.290011e-01 
-2.040793e-01 
-3.870288e-02 
-1.527884e-01 
-3.779349e-02 
-1.701799e-02 
-1.844306e-01 
-6.872630e-01 
-6.442757e-01 
-2.275149e-01 
1.278391e-01 
-5.136776e-01 
-1.484778e-01 
3.629929e-01 
-1.007771e-02 
8.847155e-02 
-3.261067e-01 
-4.409957e-02 
-1.417925e-01 
-3.253022e-01 
-1.374797e-01 
-1.360736e-01 
6.859541e-02 
-2.178790e-01 
-5.331157e-01 
